$ 1 0.000005 10.20027730826997 50 5 50 5e-11
a 336 224 512 224 8 15 -15 1000000 2.149978500214998 2.15 100000
a 336 400 512 400 8 15 -15 1000000 0 0 100000
w 336 208 336 128 0
w 336 128 512 128 0
w 512 128 512 224 0
w 336 384 336 336 0
w 336 336 512 336 0
w 512 336 512 400 0
r 512 400 592 400 0 1000
r 512 224 592 224 0 1000
a 592 304 736 304 8 15 -15 1000000 0.000021499355015025534 -2.4140689447449403e-17 100000
w 592 224 592 288 0
w 592 400 592 320 0
r 592 224 736 224 0 1000
w 736 224 736 304 0
r 592 400 704 400 0 1000
g 704 400 704 448 0 0
172 336 416 336 480 0 7 0 5 0 0 0.5 Set Point
172 336 240 336 288 0 7 2.15 5 0 0 0.5 Process Variable
a 864 352 1008 352 8 15 -15 1000000 -0.00002519721979566215 0 100000
g 864 368 864 432 0 0
174 912 304 832 336 1 1000 0.5396000000000001 Pterm
w 912 304 1008 304 0
w 1008 304 1008 352 0
p 1008 352 1072 352 3 0 0
g 1072 352 1072 416 0 0
w 736 304 816 304 0
p 736 304 736 368 3 0 0
w 736 368 864 368 0
x 360 287 539 290 4 24 Process\sVariable
x 354 479 451 482 4 24 Set\sPoint
x 837 277 901 280 4 24 Pterm
