$ 1 0.000005 10.20027730826997 50 5 50 5e-11
a 336 224 512 224 8 15 -15 1000000 1.999980000199998 2 100000
a 336 400 512 400 8 15 -15 1000000 4.999950000499995 5 100000
w 336 208 336 128 0
w 336 128 512 128 0
w 512 128 512 224 0
w 336 384 336 336 0
w 336 336 512 336 0
w 512 336 512 400 0
r 512 400 592 400 0 1000
r 512 224 592 224 0 1000
a 592 304 736 304 8 15 -15 1000000 2.499945001149977 2.499975000249998 100000
w 592 224 592 288 0
w 592 400 592 320 0
r 592 224 736 224 0 1000
w 736 224 736 304 0
r 592 400 704 400 0 1000
g 704 400 704 448 0 0
172 336 416 336 480 0 7 5 5 0 0 0.5 Voltage
172 336 240 336 288 0 7 2 5 0 0 0.5 Voltage
a 864 352 1008 352 8 15 -15 1000000 0.000029998500050998533 0 100000
g 864 368 864 432 0 0
174 912 304 832 336 1 1000 0.5 Resistance
w 912 304 1008 304 0
w 1008 304 1008 352 0
p 1008 352 1072 352 3 0 0
g 1072 352 1072 416 0 0
w 736 304 816 304 0
p 736 304 736 368 3 0 0
w 736 368 864 368 0
